p 0 -0.75 0
p 0.4353927 -0.75 -0.2458315
p -0.3301415 -0.75 -0.3755085
ge
v -0.3301415 -0.75 -0.3755085
v -0.3763308 -0.75 -0.3292039
v -0.416081 -0.75 -0.2772665
v -0.4487119 -0.75 -0.2205849
v -0.4736652 -0.75 -0.1601292
v -0.490514 -0.75 -0.09693351
v -0.49897 -0.75 -0.0320793
v -0.4988885 -0.75 0.0333238
v -0.4902708 -0.75 0.09815673
v -0.4732645 -0.75 0.1613102
v -0.4481604 -0.75 0.2217036
v -0.4153883 -0.75 0.2783035
v -0.3755087 -0.75 0.3301417
v -0.329204 -0.75 0.376331
v -0.2772666 -0.75 0.4160812
v -0.220585 -0.75 0.4487121
v -0.1601292 -0.75 0.4736655
v -0.09693356 -0.75 0.4905143
v -0.03207932 -0.75 0.4989702
v 0.03332382 -0.75 0.4988887
v 0.09815677 -0.75 0.490271
v 0.1613103 -0.75 0.4732647
v 0.2217037 -0.75 0.4481606
v 0.2783037 -0.75 0.4153884
v 0.3301418 -0.75 0.3755088
v 0.3763312 -0.75 0.3292041
v 0.4160814 -0.75 0.2772667
v 0.4487123 -0.75 0.2205851
v 0.4736657 -0.75 0.1601293
v 0.4905145 -0.75 0.09693356
v 0.4989705 -0.75 0.03207929
v 0.4988889 -0.75 -0.03332388
v 0.4902712 -0.75 -0.09815686
v 0.4732649 -0.75 -0.1613104
v 0.4353927 -0.75 -0.2458315
le 1 2
ge
v 0.4348191 -0.75 -0.2459287
v 0.4346328 -0.7350234 -0.2369116
v 0.4228135 -0.6095425 -0.1631003
v 0.4036174 -0.4957517 -0.09760147
v 0.3793196 -0.3944261 -0.04049818
v 0.3516816 -0.3053622 0.008631052
v 0.3220079 -0.2278122 0.05045898
v 0.2912319 -0.1607779 0.08574671
v 0.2599999 -0.103193 0.115248
v 0.228745 -0.05402726 0.1396588
v 0.1977457 -0.01234037 0.1595942
v 0.1671704 0.02269411 0.1755822
v 0.13711 0.05178291 0.1880651
v 0.1076032 0.07551652 0.1974063
v 0.07865341 0.09437633 0.2038971
v 0.050241 0.108743 0.2077643
v 0.0223329 0.1189049 0.2091765
v -0.005110805 0.1250647 0.2082493
v -0.03213142 0.1273447 0.2050498
v -0.05876725 0.1257902 0.1995986
v -0.08504944 0.1203703 0.191872
v -0.1109977 0.1109775 0.1818016
v -0.1366152 0.09742463 0.1692736
v -0.1618829 0.07943994 0.1541274
v -0.1867512 0.05666065 0.136152
v -0.2111302 0.02862537 0.1150839
v -0.234876 -0.005235255 0.09060347
v -0.2577725 -0.04560572 0.06233381
v -0.2795083 -0.09328985 0.02984189
v -0.2996459 -0.1492077 -0.007353882
v -0.3175832 -0.2143751 -0.0497655
v -0.3325071 -0.2898583 -0.09789915
v -0.3433416 -0.3766791 -0.1521901
v -0.3486969 -0.4756511 -0.2128946
v -0.346837 -0.5871096 -0.2799208
v -0.335695 -0.7105048 -0.3525868
v -0.3289686 -0.75 -0.3753097
gff
v -0.3301415 -0.75 -0.3755085
v -0.3763308 -0.75 -0.3292039
v -0.416081 -0.75 -0.2772665
v -0.4487119 -0.75 -0.2205849
v -0.4736652 -0.75 -0.1601292
v -0.490514 -0.75 -0.09693351
v -0.49897 -0.75 -0.0320793
v -0.4988885 -0.75 0.0333238
v -0.4902708 -0.75 0.09815673
v -0.4732645 -0.75 0.1613102
v -0.4481604 -0.75 0.2217036
v -0.4153883 -0.75 0.2783035
v -0.3755087 -0.75 0.3301417
v -0.329204 -0.75 0.376331
v -0.2772666 -0.75 0.4160812
v -0.220585 -0.75 0.4487121
v -0.1601292 -0.75 0.4736655
v -0.09693356 -0.75 0.4905143
v -0.03207932 -0.75 0.4989702
v 0.03332382 -0.75 0.4988887
v 0.09815677 -0.75 0.490271
v 0.1613103 -0.75 0.4732647
v 0.2217037 -0.75 0.4481606
v 0.2783037 -0.75 0.4153884
v 0.3301418 -0.75 0.3755088
v 0.3763312 -0.75 0.3292041
v 0.4160814 -0.75 0.2772667
v 0.4487123 -0.75 0.2205851
v 0.4736657 -0.75 0.1601293
v 0.4905145 -0.75 0.09693356
v 0.4989705 -0.75 0.03207929
v 0.4988889 -0.75 -0.03332388
v 0.4902712 -0.75 -0.09815686
v 0.4732649 -0.75 -0.1613104
v 0.4353927 -0.75 -0.2458315
v -0.3301415 -0.75 -0.3755085
gcf
v 0.3890893 -0.75 0.3140215
v 0.4267486 -0.75 0.2605487
v 0.4571062 -0.75 0.2026178
v 0.4796425 -0.75 0.14122
v 0.493972 -0.75 0.07740593
v 0.4998495 -0.75 0.01226743
v 0.4971745 -0.75 -0.05308098
v 0.4859926 -0.75 -0.1175212
v 0.4664953 -0.75 -0.1799505
v 0.4390161 -0.75 -0.2393009
v -0.3447729 -0.75 -0.3621215
v -0.3890896 -0.75 -0.3140216
v -0.426749 -0.75 -0.2605487
v -0.4571066 -0.75 -0.2026177
v -0.4796429 -0.75 -0.1412199
v -0.4939724 -0.75 -0.07740583
v -0.4998499 -0.75 -0.01226727
v -0.4971748 -0.75 0.05308119
v -0.485993 -0.75 0.1175214
v -0.4664956 -0.75 0.1799508
v -0.4390164 -0.75 0.2393012
v -0.4040255 -0.75 0.2945571
v -0.3621216 -0.75 0.3447731
v -0.3140217 -0.75 0.3890899
v -0.2605488 -0.75 0.4267492
v -0.2026178 -0.75 0.4571068
v -0.1412199 -0.75 0.4796431
v -0.07740579 -0.75 0.4939727
v -0.0122672 -0.75 0.4998502
v 0.05308129 -0.75 0.4971751
v 0.1175215 -0.75 0.4859932
v 0.179951 -0.75 0.4664958
v 0.2393014 -0.75 0.4390166
v 0.2945573 -0.75 0.4040256
v 0.3447733 -0.75 0.3621217
v 0.1977457 -0.01234037 0.1595942
v 0.228745 -0.05402726 0.1396588
v 0.228745 -0.05402726 0.1396588
v 0.2599999 -0.103193 0.115248
v 0.2599999 -0.103193 0.115248
v 0.2912319 -0.1607779 0.08574671
v 0.2912319 -0.1607779 0.08574671
v 0.3220079 -0.2278122 0.05045898
v 0.3220079 -0.2278122 0.05045898
v 0.3516816 -0.3053622 0.008631052
v 0.3516816 -0.3053622 0.008631052
v 0.3793196 -0.3944261 -0.04049818
v 0.3793196 -0.3944261 -0.04049818
v 0.4036174 -0.4957517 -0.09760147
v 0.4036174 -0.4957517 -0.09760147
v 0.4228135 -0.6095425 -0.1631003
v 0.4228135 -0.6095425 -0.1631003
v 0.4346328 -0.7350233 -0.2369116
v 0.4348191 -0.75 -0.2459287
v 0.4346328 -0.7350234 -0.2369116
v -0.3356949 -0.7105047 -0.3525867
v -0.3289686 -0.75 -0.3753097
v -0.335695 -0.7105048 -0.3525868
v -0.346837 -0.5871096 -0.2799208
v -0.346837 -0.5871096 -0.2799208
v -0.3486969 -0.4756511 -0.2128946
v -0.3486969 -0.4756511 -0.2128946
v -0.3433416 -0.3766791 -0.1521901
v -0.3433416 -0.3766791 -0.1521901
v -0.3325071 -0.2898583 -0.09789915
v -0.3325071 -0.2898583 -0.09789915
v -0.3175832 -0.2143751 -0.0497655
v -0.3175832 -0.2143751 -0.0497655
v -0.2996459 -0.1492077 -0.007353882
v -0.2996459 -0.1492077 -0.007353882
v -0.2795083 -0.09328985 0.02984189
v -0.2795083 -0.09328985 0.02984189
v -0.2577725 -0.04560572 0.06233381
v -0.2577725 -0.04560572 0.06233381
v -0.234876 -0.005235255 0.09060347
v -0.234876 -0.005235255 0.09060347
v -0.2111302 0.02862537 0.1150839
v -0.2111302 0.02862537 0.1150839
v -0.1867512 0.05666065 0.136152
v -0.1867512 0.05666065 0.136152
v -0.1618829 0.07943994 0.1541274
v -0.1618829 0.07943994 0.1541274
v -0.1366152 0.09742463 0.1692736
v -0.1366152 0.09742463 0.1692736
v -0.1109977 0.1109775 0.1818016
v -0.1109977 0.1109775 0.1818016
v -0.08504944 0.1203703 0.191872
v -0.08504944 0.1203703 0.191872
v -0.05876725 0.1257902 0.1995986
v -0.05876725 0.1257902 0.1995986
v -0.03213142 0.1273447 0.2050498
v -0.03213142 0.1273447 0.2050498
v -0.005110805 0.1250647 0.2082493
v -0.005110805 0.1250647 0.2082493
v 0.0223329 0.1189049 0.2091765
v 0.0223329 0.1189049 0.2091765
v 0.050241 0.108743 0.2077643
v 0.050241 0.108743 0.2077643
v 0.07865341 0.09437633 0.2038971
v 0.07865341 0.09437633 0.2038971
v 0.1076032 0.07551652 0.1974063
v 0.1076032 0.07551652 0.1974063
v 0.13711 0.05178291 0.1880651
v 0.13711 0.05178291 0.1880651
v 0.1671704 0.02269411 0.1755822
v 0.1671704 0.02269411 0.1755822
v 0.1977457 -0.01234037 0.1595942
f 35 0 36
f 36 0 1
f 36 1 38
f 38 1 2
f 38 2 40
f 40 2 3
f 40 3 42
f 42 3 4
f 42 4 44
f 44 4 5
f 44 5 46
f 46 5 6
f 46 6 48
f 48 6 7
f 48 7 50
f 50 7 8
f 50 8 52
f 52 8 9
f 9 53 54
f 10 55 56
f 57 10 58
f 58 10 11
f 58 11 60
f 60 11 12
f 60 12 62
f 62 12 13
f 62 13 64
f 64 13 14
f 64 14 66
f 66 14 15
f 66 15 68
f 68 15 16
f 68 16 70
f 70 16 17
f 70 17 72
f 72 17 18
f 72 18 74
f 74 18 19
f 74 19 76
f 76 19 20
f 76 20 78
f 78 20 21
f 78 21 80
f 80 21 22
f 80 22 82
f 82 22 23
f 82 23 84
f 84 23 24
f 84 24 86
f 86 24 25
f 86 25 88
f 88 25 26
f 88 26 90
f 90 26 27
f 90 27 92
f 92 27 28
f 92 28 94
f 94 28 29
f 94 29 96
f 96 29 30
f 96 30 98
f 98 30 31
f 98 31 100
f 100 31 32
f 100 32 102
f 102 32 33
f 102 33 104
f 104 33 34
f 104 34 35
f 35 34 0
gff
v -0.3301415 -0.75 -0.3755085
v -0.335695 -0.7105048 -0.3525868
v -0.346837 -0.5871096 -0.2799208
v -0.3486969 -0.475651 -0.2128948
v -0.3433415 -0.3766786 -0.1521908
v -0.3325069 -0.2898576 -0.09790041
v -0.3175829 -0.214374 -0.04976734
v -0.2996455 -0.1492061 -0.007356443
v -0.2795078 -0.09328786 0.0298386
v -0.2577718 -0.04560326 0.06232974
v -0.2348751 -0.005232354 0.09059867
v -0.2111292 0.02862876 0.1150783
v -0.1867501 0.05666451 0.1361456
v -0.1618817 0.07944424 0.1541203
v -0.1366139 0.09742941 0.1692657
v -0.1109962 0.1109828 0.1817928
v -0.08504783 0.1203761 0.1918625
v -0.05876551 0.1257964 0.1995884
v -0.03212954 0.1273514 0.2050387
v -0.005108806 0.1250718 0.2082375
v 0.02233503 0.1189125 0.2091639
v 0.05024327 0.1087511 0.207751
v 0.07865581 0.09438489 0.203883
v 0.1076058 0.07552557 0.1973913
v 0.1371126 0.05179242 0.1880493
v 0.1671732 0.02270411 0.1755656
v 0.1977486 -0.01232991 0.1595769
v 0.2287481 -0.05401628 0.1396407
v 0.2600031 -0.1031816 0.1152291
v 0.2912352 -0.1607661 0.08572706
v 0.3220114 -0.2277999 0.05043861
v 0.3516851 -0.3053495 0.008610056
v 0.3793233 -0.3944131 -0.04051973
v 0.4036212 -0.4957384 -0.09762351
v 0.4228173 -0.609529 -0.1631225
v 0.4346366 -0.73501 -0.2369339
v 0.4348229 -0.7499865 -0.2459509
