p 0 0.75 0
p 0.4353927 -0.75 -0.2458315
p -0.3301415 -0.75 -0.3755085
ge
v 0.4353927 -0.75 -0.2458315
v 0.3995804 -0.75 -0.3005586
v 0.3569312 -0.75 -0.350143
v 0.3081748 -0.75 -0.3937364
v 0.2541454 -0.75 -0.4305928
v 0.1957676 -0.75 -0.4600816
v 0.1340401 -0.75 -0.4816984
v 0.07001907 -0.75 -0.4950732
v 0.004800029 -0.75 -0.4999771
v -0.06050115 -0.75 -0.4963263
v -0.1247671 -0.75 -0.4841832
v -0.1868983 -0.75 -0.4637555
v -0.2458316 -0.75 -0.4353929
v -0.3301415 -0.75 -0.3755085
le 1 2
ge
v 0.4348191 -0.75 -0.2459287
v 0.4346328 -0.7350234 -0.2369116
v 0.4228135 -0.6095425 -0.1631003
v 0.4036174 -0.4957517 -0.09760147
v 0.3793196 -0.3944261 -0.04049818
v 0.3516816 -0.3053622 0.008631052
v 0.3220079 -0.2278122 0.05045898
v 0.2912319 -0.1607779 0.08574671
v 0.2599999 -0.103193 0.115248
v 0.228745 -0.05402726 0.1396588
v 0.1977457 -0.01234037 0.1595942
v 0.1671704 0.02269411 0.1755822
v 0.13711 0.05178291 0.1880651
v 0.1076032 0.07551652 0.1974063
v 0.07865341 0.09437633 0.2038971
v 0.050241 0.108743 0.2077643
v 0.0223329 0.1189049 0.2091765
v -0.005110805 0.1250647 0.2082493
v -0.03213142 0.1273447 0.2050498
v -0.05876725 0.1257902 0.1995986
v -0.08504944 0.1203703 0.191872
v -0.1109977 0.1109775 0.1818016
v -0.1366152 0.09742463 0.1692736
v -0.1618829 0.07943994 0.1541274
v -0.1867512 0.05666065 0.136152
v -0.2111302 0.02862537 0.1150839
v -0.234876 -0.005235255 0.09060347
v -0.2577725 -0.04560572 0.06233381
v -0.2795083 -0.09328985 0.02984189
v -0.2996459 -0.1492077 -0.007353882
v -0.3175832 -0.2143751 -0.0497655
v -0.3325071 -0.2898583 -0.09789915
v -0.3433416 -0.3766791 -0.1521901
v -0.3486969 -0.4756511 -0.2128946
v -0.346837 -0.5871096 -0.2799208
v -0.335695 -0.7105048 -0.3525868
v -0.3289686 -0.75 -0.3753097
gff
v 0.4353927 -0.75 -0.2458315
v 0.3995804 -0.75 -0.3005586
v 0.3569312 -0.75 -0.350143
v 0.3081748 -0.75 -0.3937364
v 0.2541454 -0.75 -0.4305928
v 0.1957676 -0.75 -0.4600816
v 0.1340401 -0.75 -0.4816984
v 0.07001907 -0.75 -0.4950732
v 0.004800029 -0.75 -0.4999771
v -0.06050115 -0.75 -0.4963263
v -0.1247671 -0.75 -0.4841832
v -0.1868983 -0.75 -0.4637555
v -0.2458316 -0.75 -0.4353929
v -0.3301415 -0.75 -0.3755085
v 0.4353927 -0.75 -0.2458315
gcf
v 0.4040253 -0.75 -0.2945568
v 0.3621214 -0.75 -0.3447727
v 0.3140216 -0.75 -0.3890895
v 0.2605487 -0.75 -0.4267488
v 0.2026177 -0.75 -0.4571064
v 0.14122 -0.75 -0.4796427
v 0.07740588 -0.75 -0.4939722
v 0.01226734 -0.75 -0.4998497
v -0.05308109 -0.75 -0.4971747
v -0.1175213 -0.75 -0.4859928
v -0.1799507 -0.75 -0.4664955
v -0.2393011 -0.75 -0.4390163
v -0.2945569 -0.75 -0.4040253
v 0 0.75 0
v 0.1977457 -0.01234037 0.1595942
v 0.228745 -0.05402726 0.1396588
v 0.228745 -0.05402726 0.1396588
v 0.2599999 -0.103193 0.115248
v 0.2599999 -0.103193 0.115248
v 0.2912319 -0.1607779 0.08574671
v 0.2912319 -0.1607779 0.08574671
v 0.3220079 -0.2278122 0.05045898
v 0.3220079 -0.2278122 0.05045898
v 0.3516816 -0.3053622 0.008631052
v 0.3516816 -0.3053622 0.008631052
v 0.3793196 -0.3944261 -0.04049818
v 0.3793196 -0.3944261 -0.04049818
v 0.4036174 -0.4957517 -0.09760147
v 0.4036174 -0.4957517 -0.09760147
v 0.4228135 -0.6095425 -0.1631003
v 0.4228135 -0.6095425 -0.1631003
v 0.4346328 -0.7350233 -0.2369116
v 0.4348191 -0.75 -0.2459287
v 0.4346328 -0.7350234 -0.2369116
v -0.3356949 -0.7105047 -0.3525867
v -0.3289686 -0.75 -0.3753097
v -0.335695 -0.7105048 -0.3525868
v -0.346837 -0.5871096 -0.2799208
v -0.346837 -0.5871096 -0.2799208
v -0.3486969 -0.4756511 -0.2128946
v -0.3486969 -0.4756511 -0.2128946
v -0.3433416 -0.3766791 -0.1521901
v -0.3433416 -0.3766791 -0.1521901
v -0.3325071 -0.2898583 -0.09789915
v -0.3325071 -0.2898583 -0.09789915
v -0.3175832 -0.2143751 -0.0497655
v -0.3175832 -0.2143751 -0.0497655
v -0.2996459 -0.1492077 -0.007353882
v -0.2996459 -0.1492077 -0.007353882
v -0.2795083 -0.09328985 0.02984189
v -0.2795083 -0.09328985 0.02984189
v -0.2577725 -0.04560572 0.06233381
v -0.2577725 -0.04560572 0.06233381
v -0.234876 -0.005235255 0.09060347
v -0.234876 -0.005235255 0.09060347
v -0.2111302 0.02862537 0.1150839
v -0.2111302 0.02862537 0.1150839
v -0.1867512 0.05666065 0.136152
v -0.1867512 0.05666065 0.136152
v -0.1618829 0.07943994 0.1541274
v -0.1618829 0.07943994 0.1541274
v -0.1366152 0.09742463 0.1692736
v -0.1366152 0.09742463 0.1692736
v -0.1109977 0.1109775 0.1818016
v -0.1109977 0.1109775 0.1818016
v -0.08504944 0.1203703 0.191872
v -0.08504944 0.1203703 0.191872
v -0.05876725 0.1257902 0.1995986
v -0.05876725 0.1257902 0.1995986
v -0.03213142 0.1273447 0.2050498
v -0.03213142 0.1273447 0.2050498
v -0.005110805 0.1250647 0.2082493
v -0.005110805 0.1250647 0.2082493
v 0.0223329 0.1189049 0.2091765
v 0.0223329 0.1189049 0.2091765
v 0.050241 0.108743 0.2077643
v 0.050241 0.108743 0.2077643
v 0.07865341 0.09437633 0.2038971
v 0.07865341 0.09437633 0.2038971
v 0.1076032 0.07551652 0.1974063
v 0.1076032 0.07551652 0.1974063
v 0.13711 0.05178291 0.1880651
v 0.13711 0.05178291 0.1880651
v 0.1671704 0.02269411 0.1755822
v 0.1671704 0.02269411 0.1755822
v 0.1977457 -0.01234037 0.1595942
f 13 14 15
f 13 15 17
f 13 17 19
f 13 19 21
f 13 21 23
f 13 23 25
f 13 25 27
f 13 27 29
f 13 29 31
f 32 0 33
f 33 0 13
f 13 0 1
f 13 1 2
f 13 2 3
f 13 3 4
f 13 4 5
f 13 5 6
f 13 6 7
f 13 7 8
f 13 8 9
f 13 9 10
f 13 10 11
f 13 11 12
f 34 13 35
f 35 13 12
f 13 36 37
f 13 37 39
f 13 39 41
f 13 41 43
f 13 43 45
f 13 45 47
f 13 47 49
f 13 49 51
f 13 51 53
f 13 53 55
f 13 55 57
f 13 57 59
f 13 59 61
f 13 61 63
f 13 63 65
f 13 65 67
f 13 67 69
f 13 69 71
f 13 71 73
f 13 73 75
f 13 75 77
f 13 77 79
f 13 79 81
f 13 81 83
f 13 83 14
gff
v -0.3301415 -0.75 -0.3755085
v -0.335695 -0.7105048 -0.3525868
v -0.346837 -0.5871096 -0.2799208
v -0.3486969 -0.475651 -0.2128948
v -0.3433415 -0.3766786 -0.1521908
v -0.3325069 -0.2898576 -0.09790041
v -0.3175829 -0.214374 -0.04976734
v -0.2996455 -0.1492061 -0.007356443
v -0.2795078 -0.09328786 0.0298386
v -0.2577718 -0.04560326 0.06232974
v -0.2348751 -0.005232354 0.09059867
v -0.2111292 0.02862876 0.1150783
v -0.1867501 0.05666451 0.1361456
v -0.1618817 0.07944424 0.1541203
v -0.1366139 0.09742941 0.1692657
v -0.1109962 0.1109828 0.1817928
v -0.08504783 0.1203761 0.1918625
v -0.05876551 0.1257964 0.1995884
v -0.03212954 0.1273514 0.2050387
v -0.005108806 0.1250718 0.2082375
v 0.02233503 0.1189125 0.2091639
v 0.05024327 0.1087511 0.207751
v 0.07865581 0.09438489 0.203883
v 0.1076058 0.07552557 0.1973913
v 0.1371126 0.05179242 0.1880493
v 0.1671732 0.02270411 0.1755656
v 0.1977486 -0.01232991 0.1595769
v 0.2287481 -0.05401628 0.1396407
v 0.2600031 -0.1031816 0.1152291
v 0.2912352 -0.1607661 0.08572706
v 0.3220114 -0.2277999 0.05043861
v 0.3516851 -0.3053495 0.008610056
v 0.3793233 -0.3944131 -0.04051973
v 0.4036212 -0.4957384 -0.09762351
v 0.4228173 -0.609529 -0.1631225
v 0.4346366 -0.73501 -0.2369339
v 0.4348229 -0.7499865 -0.2459509
