p -0.5 -0.5 -0.5
p -0.5 -0.5 0.5
p 0.5 -0.5 0.5
p 0.5 -0.5 -0.5
p -0.5 0.5 -0.5
p -0.5 0.5 0.5
p 0.5 0.5 0.5
p 0.5 0.5 -0.5
le 0 1
le 1 2
le 2 3
le 3 0
le 4 5
le 5 6
le 6 7
le 7 4
le 0 4
le 1 5
le 2 6
le 3 7
ge
v 0 0 0
v 0 0.5 0.2
v 0 1 1
v 0 1.5 2
polyf
e 0
e 1
e 2
e 3
polyf
e 4
e 5
e 6
e 7
polyf
e 0
e 4
e 8
e 9
polyf
e 1
e 5
e 9
e 10
polyf
e 2
e 6
e 10
e 11
polyf
e 3
e 7
e 11
e 8
gff
v 0 0 0
v 0 0.5 0.2
v 0 1 1
v 0 1.5 2
gcf
v -0.2885871 -0.7887394 0.2885871
v -0.3097168 -0.8098695 0.2408286
v -0.249161 -0.8546735 0.249161
v -0.2408286 -0.8098695 0.3097169
v -0.1753408 -0.8864079 0.2644048
v -0.1705907 -0.8323771 0.3322245
v -0.0904505 -0.9068053 0.276224
v -0.08829313 -0.8480403 0.3478877
v 9.853311E-08 -0.9136059 0.2808985
v 9.853311E-08 -0.8535981 0.3534455
v -0.2644047 -0.8864079 0.1753409
v -0.3322245 -0.8323771 0.1705908
v -0.1844288 -0.9265553 0.1844288
v -0.09475736 -0.9516049 0.1925076
v 9.853311E-08 -0.9599168 0.196123
v -0.276224 -0.9068053 0.09045061
v -0.3478877 -0.8480403 0.08829328
v -0.1925075 -0.9516048 0.09475747
v -0.09901319 -0.9799862 0.0990133
v 9.853311E-08 -0.9896768 0.1010615
v -0.2808985 -0.913606 5.559791E-08
v -0.3534455 -0.8535981 5.559791E-08
v -0.196123 -0.9599168 5.59454E-08
v -0.1010613 -0.9896768 5.542417E-08
v 9.853311E-08 -1 5.559791E-08
v 9.853311E-08 -1 5.559791E-08
v 0.09901338 -0.9799861 0.0990133
v 0.09475756 -0.9516049 0.1925076
v 0.1925076 -0.9516048 0.09475747
v 0.1844289 -0.9265556 0.1844288
v 0.276224 -0.9068053 0.09045061
v 0.2644047 -0.8864079 0.1753409
v 0.3478877 -0.8480403 0.08829328
v 0.3322245 -0.8323771 0.1705908
v 0.2491609 -0.8546735 0.249161
v 0.3097169 -0.8098695 0.2408286
v 0.2408287 -0.8098693 0.3097169
v 0.2885871 -0.7887395 0.2885871
v 0.3534455 -0.8535981 5.559791E-08
v 0.2808986 -0.913606 5.559791E-08
v 0.1705909 -0.8323771 0.3322245
v 0.1753409 -0.8864079 0.2644048
v 0.196123 -0.9599168 5.472919E-08
v 0.08829332 -0.8480403 0.3478877
v 0.09045061 -0.9068052 0.276224
v 0.1010616 -0.9896768 5.542417E-08
v 9.853311E-08 -1 5.559791E-08
v 0.2885871 -0.7890103 -0.2885871
v 0.3097169 -0.8101402 -0.2408286
v 0.2491609 -0.8549443 -0.2491609
v 0.2408287 -0.8101401 -0.3097168
v 0.1753409 -0.8866786 -0.2644047
v 0.1705909 -0.8326479 -0.3322244
v 0.09045061 -0.907076 -0.276224
v 0.08829332 -0.8483111 -0.3478877
v 9.853311E-08 -0.9138767 -0.2808984
v 9.853311E-08 -0.8538688 -0.3534455
v 0.2644047 -0.8866787 -0.1753408
v 0.3322245 -0.8326479 -0.1705908
v 0.1844289 -0.9268264 -0.1844288
v 0.09475756 -0.9518757 -0.1925075
v 9.853311E-08 -0.9601876 -0.1961229
v 0.276224 -0.9070761 -0.09045049
v 0.3478877 -0.8483111 -0.08829316
v 0.1925076 -0.9518756 -0.09475736
v 0.09901338 -0.9802569 -0.09901319
v 9.853311E-08 -0.9899476 -0.1010614
v 0.2808986 -0.913606 5.559791E-08
v 0.3534455 -0.8535981 5.559791E-08
v 0.196123 -0.9599168 5.472919E-08
v 0.1010616 -0.9896768 5.542417E-08
v 9.853311E-08 -1 5.559791E-08
v 9.853311E-08 -1 5.559791E-08
v -0.09901319 -0.9802569 -0.09901319
v -0.09475736 -0.9518757 -0.1925075
v -0.1925075 -0.9518756 -0.09475736
v -0.1844288 -0.9268261 -0.1844288
v -0.276224 -0.9070761 -0.09045049
v -0.2644047 -0.8866786 -0.1753408
v -0.3478877 -0.8483111 -0.08829316
v -0.3322245 -0.8326479 -0.1705908
v -0.249161 -0.8549443 -0.2491609
v -0.3097168 -0.8101402 -0.2408286
v -0.2408286 -0.8101402 -0.3097168
v -0.2885871 -0.7890102 -0.288587
v -0.1705907 -0.8326479 -0.3322244
v -0.1753408 -0.8866786 -0.2644047
v -0.08829313 -0.8483111 -0.3478877
v -0.0904505 -0.9070761 -0.276224
v 9.853311E-08 -1 5.559791E-08
v -0.288587 0.7887397 0.2885871
v -0.2408286 0.8098695 0.3097169
v -0.2491609 0.8546736 0.249161
v -0.3097168 0.8098695 0.2408287
v -0.2644047 0.8864081 0.1753409
v -0.3322245 0.8323771 0.1705909
v -0.276224 0.9068054 0.09045061
v -0.3478877 0.8480405 0.08829328
v -0.2808985 0.9136058 2.698768E-08
v -0.3534456 0.8535982 2.698768E-08
v -0.1753409 0.8864081 0.2644048
v -0.1705908 0.832377 0.3322246
v -0.1844288 0.9265556 0.1844289
v -0.1925076 0.951605 0.0947575
v -0.196123 0.9599169 2.629271E-08
v -0.09045056 0.9068054 0.2762241
v -0.08829319 0.8480405 0.3478878
v -0.09475743 0.951605 0.1925077
v -0.09901326 0.9799863 0.09901333
v -0.1010614 0.989677 2.698768E-08
v -1.59078E-08 0.9136058 0.2808985
v -1.59078E-08 0.8535982 0.3534456
v -1.59078E-08 0.9599169 0.196123
v -1.59078E-08 0.989677 0.1010615
v -3.498129E-08 1 -3.023278E-08
v -3.498129E-08 1 -3.023278E-08
v -0.09901327 0.9799863 -0.09901321
v -0.1925076 0.951605 -0.09475739
v -0.09475744 0.951605 -0.1925076
v -0.1844288 0.9265556 -0.1844288
v -0.09045057 0.9068054 -0.276224
v -0.1753409 0.8864081 -0.2644047
v -0.08829321 0.8480405 -0.3478877
v -0.1705908 0.832377 -0.3322245
v -0.2491609 0.8546736 -0.2491609
v -0.2408286 0.8098695 -0.3097168
v -0.3097168 0.8098695 -0.2408286
v -0.288587 0.7887397 -0.288587
v -1.59078E-08 0.8535982 -0.3534455
v -1.59078E-08 0.9136058 -0.2808984
v -0.3322245 0.8323771 -0.1705908
v -0.2644047 0.8864081 -0.1753408
v -1.59078E-08 0.9599169 -0.196123
v -0.3478877 0.8480405 -0.08829317
v -0.276224 0.9068054 -0.09045051
v 0.08829325 0.8480405 -0.3478877
v 0.09045061 0.9068054 -0.276224
v 0.1705909 0.8323771 -0.3322245
v 0.175341 0.8864081 -0.2644047
v 0.2408287 0.8098695 -0.3097168
v 0.249161 0.8546736 -0.2491609
v 0.2885871 0.7887397 -0.288587
v 0.3097169 0.8098695 -0.2408286
v 0.2644048 0.8864081 -0.1753408
v 0.3322246 0.832377 -0.1705908
v 0.2762241 0.9068054 -0.09045049
v 0.3478878 0.8480405 -0.08829317
v 0.2808986 0.9136058 2.698768E-08
v 0.3534456 0.8535982 2.698768E-08
v 0.1844289 0.9265556 -0.1844288
v 0.1925076 0.951605 -0.09475739
v 0.1961231 0.9599169 2.803014E-08
v 0.09475747 0.951605 -0.1925076
v 0.09901331 0.9799862 -0.09901321
v 0.1010614 0.989677 2.698768E-08
v -1.59078E-08 0.989677 -0.1010614
v -3.498129E-08 1 -3.023278E-08
v -3.498129E-08 1 -3.023278E-08
v -3.498129E-08 1 -3.023278E-08
v 0.3097169 0.8098695 0.2408287
v 0.249161 0.8546736 0.249161
v 0.2408287 0.8098695 0.3097169
v 0.2885871 0.7887397 0.2885871
v 0.1705909 0.8323771 0.3322246
v 0.175341 0.8864081 0.2644048
v 0.08829325 0.8480405 0.3478878
v 0.09045054 0.9068054 0.276224
v 0.3322246 0.832377 0.1705909
v 0.2644048 0.8864081 0.1753409
v 0.1844289 0.9265556 0.1844289
v 0.09475749 0.951605 0.1925077
v 0.3478878 0.8480405 0.08829328
v 0.2762241 0.9068054 0.09045063
v 0.1925076 0.951605 0.0947575
v 0.09901331 0.9799862 0.09901333
v 0.3534456 0.8535982 2.698768E-08
v 0.2808986 0.9136058 2.698768E-08
v 0.1961231 0.9599169 2.803014E-08
v 0.1010614 0.989677 2.698768E-08
v -3.498129E-08 1 -3.023278E-08
v -0.2885871 -0.7887394 0.2885871
v -0.3097168 -0.7409812 0.3097169
v -0.3545209 -0.7493135 0.249161
v -0.3097168 -0.8098695 0.2408286
v -0.3862553 -0.7645572 0.1753409
v -0.3322245 -0.8323771 0.1705908
v -0.4066527 -0.7763765 0.09045061
v -0.3478877 -0.8480403 0.08829328
v -0.4134531 -0.781051 5.559791E-08
v -0.3534455 -0.8535981 5.559791E-08
v -0.3862554 -0.6754933 0.2644048
v -0.3322245 -0.6707435 0.3322246
v -0.426403 -0.6845815 0.1844289
v -0.4514524 -0.6926602 0.09475749
v -0.4597643 -0.6962755 5.472919E-08
v -0.4066527 -0.5906032 0.276224
v -0.3478877 -0.5884458 0.3478878
v -0.4514525 -0.5949099 0.1925076
v -0.4798335 -0.5991659 0.09901333
v -0.4895243 -0.6012138 5.559791E-08
v -0.4134531 -0.5001526 0.2808985
v -0.3534455 -0.5001526 0.3534455
v -0.4597642 -0.5001526 0.196123
v -0.4895243 -0.5001526 0.1010615
v -0.5 -0.5001526 5.559791E-08
v -0.4798335 -0.5994366 -0.0990132
v -0.4514524 -0.692931 -0.09475737
v -0.4514525 -0.5951807 -0.1925075
v -0.426403 -0.6848523 -0.1844288
v -0.4066527 -0.590874 -0.276224
v -0.3862554 -0.6757641 -0.2644047
v -0.3478877 -0.5887166 -0.3478877
v -0.3322245 -0.6710142 -0.3322245
v -0.3545209 -0.7495843 -0.2491609
v -0.3097168 -0.7412519 -0.3097168
v -0.3097168 -0.8101402 -0.2408286
v -0.2885871 -0.7890102 -0.288587
v -0.3534455 -0.5004234 -0.3534455
v -0.4134531 -0.5004234 -0.2808984
v -0.3322245 -0.8326479 -0.1705908
v -0.3862553 -0.764828 -0.1753408
v -0.4597642 -0.5004234 -0.1961229
v -0.3478877 -0.8483111 -0.08829316
v -0.4066527 -0.7766473 -0.09045049
v -0.3534454 0.5004234 -0.3534455
v -0.4134532 0.5004234 -0.2808984
v -0.3478878 0.5884459 -0.3478877
v -0.4066528 0.5906031 -0.276224
v -0.3322245 0.6707435 -0.3322245
v -0.3862553 0.6754936 -0.2644047
v -0.3097168 0.7409813 -0.3097168
v -0.3545209 0.7493137 -0.2491609
v -0.288587 0.7887397 -0.288587
v -0.3097168 0.8098695 -0.2408286
v -0.3862553 0.7645574 -0.1753408
v -0.3322245 0.8323771 -0.1705908
v -0.4066527 0.7763767 -0.09045049
v -0.3478877 0.8480405 -0.08829317
v -0.4134532 0.7810512 2.698768E-08
v -0.3534456 0.8535982 2.698768E-08
v -0.426403 0.6845816 -0.1844288
v -0.4514525 0.6926603 -0.09475737
v -0.4597644 0.6962755 2.803014E-08
v -0.4514525 0.5949101 -0.1925075
v -0.4798335 0.5991659 -0.0990132
v -0.4895244 0.6012139 2.698768E-08
v -0.4895244 0.5004234 -0.1010614
v -0.4597643 0.5004234 -0.196123
v -0.5 0.5001526 2.698768E-08
v -0.4066528 0.7763766 0.09045063
v -0.3478877 0.8480405 0.08829328
v -0.3862553 0.7645574 0.1753409
v -0.3322245 0.8323771 0.1705909
v -0.3545209 0.7493137 0.249161
v -0.3097168 0.8098695 0.2408287
v -0.3097168 0.7409813 0.3097169
v -0.288587 0.7887397 0.2885871
v -0.3322245 0.6707435 0.3322246
v -0.3862553 0.6754936 0.2644048
v -0.3478878 0.5884459 0.3478878
v -0.4066528 0.5906031 0.2762241
v -0.3534454 0.5001526 0.3534455
v -0.4134532 0.5001526 0.2808985
v -0.426403 0.6845815 0.1844289
v -0.4514525 0.5949101 0.1925076
v -0.4597643 0.5001526 0.196123
v -0.4514525 0.6926603 0.09475749
v -0.4798335 0.5991659 0.09901333
v -0.4895244 0.5001526 0.1010615
v -0.4895243 -0.5004234 -0.1010614
v -0.2885871 -0.7890102 -0.288587
v -0.3097168 -0.7412519 -0.3097168
v -0.249161 -0.7495843 -0.3545209
v -0.2408286 -0.8101402 -0.3097168
v -0.1753409 -0.7648281 -0.3862552
v -0.1705907 -0.8326479 -0.3322244
v -0.0904505 -0.7766473 -0.4066527
v -0.08829313 -0.8483111 -0.3478877
v 9.853311E-08 -0.7813218 -0.4134532
v 9.853311E-08 -0.8538688 -0.3534455
v -0.2644048 -0.6757641 -0.3862552
v -0.3322245 -0.6710142 -0.3322245
v -0.1844288 -0.6848523 -0.426403
v -0.09475733 -0.6929309 -0.4514524
v 6.038614E-08 -0.6965463 -0.4597643
v -0.276224 -0.590874 -0.4066527
v -0.3478877 -0.5887166 -0.3478877
v -0.1925075 -0.5951807 -0.4514524
v -0.09901319 -0.5994366 -0.4798335
v 6.038614E-08 -0.6014845 -0.4895244
v -0.2808985 -0.5004234 -0.4134532
v -0.3534455 -0.5004234 -0.3534455
v -0.196123 -0.5004234 -0.4597643
v -0.1010613 -0.5004234 -0.4895244
v 2.223917E-08 -0.5004234 -0.5
v 0.09901334 -0.5994366 -0.4798335
v 0.09475752 -0.692931 -0.4514524
v 0.1925076 -0.5951807 -0.4514524
v 0.184429 -0.6848523 -0.426403
v 0.276224 -0.590874 -0.4066527
v 0.2644047 -0.6757641 -0.3862552
v 0.3478878 -0.5887166 -0.3478877
v 0.3322245 -0.6710142 -0.3322245
v 0.2491609 -0.7495843 -0.3545209
v 0.3097169 -0.7412519 -0.3097168
v 0.2408287 -0.8101401 -0.3097168
v 0.2885871 -0.7890103 -0.2885871
v 0.3534455 -0.5004234 -0.3534455
v 0.2808986 -0.5004234 -0.4134532
v 0.1705909 -0.8326479 -0.3322244
v 0.1753409 -0.7648281 -0.3862552
v 0.196123 -0.5004234 -0.4597643
v 0.08829332 -0.8483111 -0.3478877
v 0.09045064 -0.7766473 -0.4066527
v 0.3534455 0.5004234 -0.3534455
v 0.2808985 0.5004234 -0.4134532
v 0.3478878 0.5884459 -0.3478877
v 0.2762241 0.5906032 -0.4066527
v 0.3322245 0.6707435 -0.3322245
v 0.2644048 0.6754936 -0.3862552
v 0.3097169 0.7409813 -0.3097168
v 0.249161 0.7493137 -0.3545209
v 0.2885871 0.7887397 -0.288587
v 0.2408287 0.8098695 -0.3097168
v 0.175341 0.7645574 -0.3862552
v 0.1705909 0.8323771 -0.3322245
v 0.09045053 0.7763767 -0.4066527
v 0.08829325 0.8480405 -0.3478877
v -1.59078E-08 0.7810512 -0.4134532
v -1.59078E-08 0.8535982 -0.3534455
v 0.1844289 0.6845816 -0.4264029
v 0.09475747 0.6926603 -0.4514524
v -1.59078E-08 0.6962755 -0.4597643
v 0.1925076 0.5949101 -0.4514524
v 0.09901327 0.5991659 -0.4798335
v -1.59078E-08 0.6012139 -0.4895243
v 0.1010615 0.5004234 -0.4895243
v 0.1961231 0.5004234 -0.4597643
v -1.59078E-08 0.5004234 -0.5
v -0.09045057 0.7763765 -0.4066527
v -0.08829321 0.8480405 -0.3478877
v -0.1753409 0.7645574 -0.3862552
v -0.1705908 0.832377 -0.3322245
v -0.2491609 0.7493136 -0.3545209
v -0.2408286 0.8098695 -0.3097168
v -0.3097168 0.7409813 -0.3097168
v -0.288587 0.7887397 -0.288587
v -0.3322245 0.6707435 -0.3322245
v -0.2644047 0.6754936 -0.3862552
v -0.3478878 0.5884459 -0.3478877
v -0.276224 0.5906032 -0.4066527
v -0.3534454 0.5004234 -0.3534455
v -0.2808985 0.5004234 -0.4134532
v -0.1844288 0.6845815 -0.4264029
v -0.1925076 0.5949101 -0.4514524
v -0.196123 0.5004234 -0.4597643
v -0.0947574 0.6926603 -0.4514524
v -0.09901327 0.5991659 -0.4798335
v -0.1010614 0.5004234 -0.4895243
v 0.1010615 -0.5004234 -0.4895244
v 0.2885871 -0.7890103 -0.2885871
v 0.3097169 -0.7412519 -0.3097168
v 0.3545209 -0.7495843 -0.2491609
v 0.3097169 -0.8101402 -0.2408286
v 0.3862552 -0.7648281 -0.1753408
v 0.3322245 -0.8326479 -0.1705908
v 0.4066526 -0.7766473 -0.09045049
v 0.3478877 -0.8483111 -0.08829316
v 0.4134532 -0.7810512 5.559791E-08
v 0.3534455 -0.8535981 5.559791E-08
v 0.3862552 -0.6757641 -0.2644047
v 0.3322245 -0.6710142 -0.3322245
v 0.4264029 -0.6848523 -0.1844288
v 0.4514523 -0.692931 -0.09475737
v 0.4597643 -0.6962755 5.664037E-08
v 0.4066526 -0.590874 -0.276224
v 0.3478878 -0.5887166 -0.3478877
v 0.4514523 -0.5951807 -0.1925075
v 0.4798335 -0.5994366 -0.0990132
v 0.4895242 -0.6012138 5.559791E-08
v 0.4134532 -0.5004234 -0.2808984
v 0.3534455 -0.5004234 -0.3534455
v 0.4597643 -0.5004234 -0.1961229
v 0.4895244 -0.5004234 -0.1010614
v 0.5 -0.5001526 2.698768E-08
v 0.5 0.5001526 2.698768E-08
v 0.4895243 0.5004234 -0.1010614
v 0.4895243 0.6012142 2.698768E-08
v 0.4798335 0.5991659 -0.0990132
v 0.4597642 0.5004234 -0.196123
v 0.4514524 0.5949101 -0.1925075
v 0.4134531 0.5004234 -0.2808984
v 0.4066527 0.5906032 -0.276224
v 0.3534455 0.5004234 -0.3534455
v 0.3478878 0.5884459 -0.3478877
v 0.3862552 0.6754936 -0.2644047
v 0.3322245 0.6707435 -0.3322245
v 0.354521 0.7493137 -0.2491609
v 0.3097169 0.7409813 -0.3097168
v 0.3097169 0.8098695 -0.2408286
v 0.2885871 0.7887397 -0.288587
v 0.3322246 0.832377 -0.1705908
v 0.3862552 0.7645573 -0.1753408
v 0.4264029 0.6845815 -0.1844288
v 0.3478878 0.8480405 -0.08829317
v 0.4066527 0.7763766 -0.09045051
v 0.4514524 0.6926603 -0.09475737
v 0.3534456 0.8535982 2.698768E-08
v 0.4134531 0.7810512 2.698768E-08
v 0.4597644 0.6962755 2.629271E-08
v 0.3097169 -0.8098695 0.2408286
v 0.3545209 -0.7493135 0.249161
v 0.3097169 -0.7409812 0.3097169
v 0.2885871 -0.7887395 0.2885871
v 0.3322245 -0.6707435 0.3322246
v 0.3862552 -0.6754933 0.2644048
v 0.3478878 -0.5884458 0.3478878
v 0.4066526 -0.5906032 0.276224
v 0.3534455 -0.5001526 0.3534455
v 0.4134532 -0.5001526 0.2808985
v 0.3322245 -0.8323771 0.1705908
v 0.3862552 -0.7645573 0.1753409
v 0.4264029 -0.6845815 0.1844289
v 0.4514523 -0.59491 0.1925076
v 0.4597643 -0.5001526 0.196123
v 0.3478877 -0.8480403 0.08829328
v 0.4066526 -0.7763765 0.09045061
v 0.4514523 -0.6926602 0.09475749
v 0.4798335 -0.5991659 0.09901333
v 0.4895244 -0.5001526 0.1010615
v 0.3534455 -0.8535981 5.559791E-08
v 0.4134532 -0.7810512 5.559791E-08
v 0.4597643 -0.6962755 5.664037E-08
v 0.4895242 -0.6012138 5.559791E-08
v 0.5 -0.5001526 2.698768E-08
v 0.4134531 0.5001526 0.2808985
v 0.3534455 0.5001526 0.3534455
v 0.3478878 0.5884459 0.3478878
v 0.4066527 0.5906032 0.2762241
v 0.3322245 0.6707435 0.3322246
v 0.3862552 0.6754936 0.2644048
v 0.3097169 0.7409813 0.3097169
v 0.354521 0.7493137 0.249161
v 0.2885871 0.7887397 0.2885871
v 0.3097169 0.8098695 0.2408287
v 0.3862552 0.7645573 0.1753409
v 0.3322246 0.832377 0.1705909
v 0.4066527 0.7763767 0.09045061
v 0.3478878 0.8480405 0.08829328
v 0.4134531 0.7810512 2.698768E-08
v 0.3534456 0.8535982 2.698768E-08
v 0.4264029 0.6845816 0.1844289
v 0.4514524 0.6926603 0.09475749
v 0.4597644 0.6962755 2.629271E-08
v 0.4514524 0.5949101 0.1925076
v 0.4798335 0.5991659 0.09901333
v 0.4895243 0.6012142 2.698768E-08
v 0.4895243 0.5001526 0.1010615
v 0.4597642 0.5001526 0.196123
v 0.5 0.5001526 2.698768E-08
v 0.2885871 -0.7887395 0.2885871
v 0.3097169 -0.7409812 0.3097169
v 0.249161 -0.7493135 0.3545209
v 0.2408287 -0.8098693 0.3097169
v 0.1753409 -0.7645573 0.3862553
v 0.1705909 -0.8323771 0.3322245
v 0.09045064 -0.7763765 0.4066526
v 0.08829332 -0.8480403 0.3478877
v 9.853311E-08 -0.781051 0.4134532
v 9.853311E-08 -0.8535981 0.3534455
v 0.2644047 -0.6754933 0.3862553
v 0.3322245 -0.6707435 0.3322246
v 0.184429 -0.6845815 0.426403
v 0.09475752 -0.6926602 0.4514524
v 6.038614E-08 -0.6962755 0.4597644
v 0.276224 -0.5906032 0.4066526
v 0.3478878 -0.5884458 0.3478878
v 0.1925076 -0.5949099 0.4514524
v 0.09901334 -0.5991658 0.4798335
v 6.038614E-08 -0.6012138 0.4895243
v 0.2808986 -0.5001526 0.4134532
v 0.3534455 -0.5001526 0.3534455
v 0.196123 -0.5001526 0.4597644
v 0.1010615 -0.5001526 0.4895243
v 2.223917E-08 -0.5001526 0.5
v -0.09901319 -0.5991658 0.4798335
v -0.09475733 -0.6926602 0.4514524
v -0.1925075 -0.59491 0.4514524
v -0.1844288 -0.6845815 0.426403
v -0.276224 -0.5906032 0.4066526
v -0.2644048 -0.6754933 0.3862553
v -0.3478877 -0.5884458 0.3478878
v -0.3322245 -0.6707435 0.3322246
v -0.249161 -0.7493135 0.3545209
v -0.3097168 -0.7409812 0.3097169
v -0.2408286 -0.8098695 0.3097169
v -0.2885871 -0.7887394 0.2885871
v -0.3534455 -0.5001526 0.3534455
v -0.2808985 -0.5001526 0.4134532
v -0.1705907 -0.8323771 0.3322245
v -0.1753409 -0.7645573 0.3862553
v -0.196123 -0.5001526 0.4597644
v -0.08829313 -0.8480403 0.3478877
v -0.0904505 -0.7763765 0.4066526
v -0.3534454 0.5001526 0.3534455
v -0.2808985 0.5001526 0.4134532
v -0.3478878 0.5884459 0.3478878
v -0.276224 0.5906032 0.4066527
v -0.3322245 0.6707435 0.3322246
v -0.2644047 0.6754936 0.3862553
v -0.3097168 0.7409813 0.3097169
v -0.2491609 0.7493136 0.3545209
v -0.288587 0.7887397 0.2885871
v -0.2408286 0.8098695 0.3097169
v -0.1753409 0.7645574 0.3862553
v -0.1705908 0.832377 0.3322246
v -0.09045056 0.7763766 0.4066527
v -0.08829319 0.8480405 0.3478878
v -1.59078E-08 0.7810512 0.4134532
v -1.59078E-08 0.8535982 0.3534456
v -0.1844288 0.6845816 0.426403
v -0.09475739 0.6926603 0.4514524
v -1.59078E-08 0.6962755 0.4597644
v -0.1925076 0.5949101 0.4514524
v -0.09901326 0.5991659 0.4798335
v -1.59078E-08 0.6012139 0.4895244
v -0.1010614 0.5001526 0.4895243
v -0.196123 0.5001526 0.4597644
v -1.59078E-08 0.5001526 0.5
v 0.09045062 0.7763766 0.4066527
v 0.08829325 0.8480405 0.3478878
v 0.175341 0.7645574 0.3862553
v 0.1705909 0.8323771 0.3322246
v 0.249161 0.7493137 0.3545209
v 0.2408287 0.8098695 0.3097169
v 0.3097169 0.7409813 0.3097169
v 0.2885871 0.7887397 0.2885871
v 0.3322245 0.6707435 0.3322246
v 0.2644048 0.6754936 0.3862553
v 0.3478878 0.5884459 0.3478878
v 0.2762241 0.5906032 0.4066527
v 0.3534455 0.5001526 0.3534455
v 0.2808985 0.5001526 0.4134532
v 0.1844289 0.6845815 0.426403
v 0.1925076 0.5949101 0.4514524
v 0.1961231 0.5001526 0.4597644
v 0.09475749 0.6926603 0.4514524
v 0.09901328 0.5991659 0.4798335
v 0.1010615 0.5001526 0.4895243
v -0.1010613 -0.5001526 0.4895243
f 0 1 2
f 0 2 3
f 3 2 4
f 3 4 5
f 5 4 6
f 5 6 7
f 7 6 8
f 7 8 9
f 1 10 2
f 1 11 10
f 2 10 12
f 2 12 4
f 4 12 13
f 4 13 6
f 6 13 14
f 6 14 8
f 11 15 10
f 11 16 15
f 10 15 17
f 10 17 12
f 12 17 18
f 12 18 13
f 13 18 19
f 13 19 14
f 16 20 15
f 16 21 20
f 15 20 22
f 15 22 17
f 17 22 23
f 17 23 18
f 18 23 24
f 18 25 19
f 14 19 26
f 14 26 27
f 27 26 28
f 27 28 29
f 29 28 30
f 29 30 31
f 31 30 32
f 31 32 33
f 34 31 33
f 34 33 35
f 36 34 35
f 36 35 37
f 30 38 32
f 30 39 38
f 28 39 30
f 40 34 36
f 40 41 34
f 41 29 31
f 41 31 34
f 28 42 39
f 43 41 40
f 43 44 41
f 44 29 41
f 44 27 29
f 9 44 43
f 9 8 44
f 8 27 44
f 8 14 27
f 26 45 42
f 26 42 28
f 19 45 26
f 19 46 45
f 47 48 49
f 47 49 50
f 50 49 51
f 50 51 52
f 52 51 53
f 52 53 54
f 54 53 55
f 54 55 56
f 48 57 49
f 48 58 57
f 49 57 59
f 49 59 51
f 51 59 60
f 51 60 53
f 53 60 61
f 53 61 55
f 58 62 57
f 58 63 62
f 57 62 64
f 57 64 59
f 59 64 65
f 59 65 60
f 60 65 66
f 60 66 61
f 63 67 62
f 63 68 67
f 62 67 69
f 62 69 64
f 64 69 70
f 64 70 65
f 65 70 71
f 65 72 66
f 61 66 73
f 61 73 74
f 74 73 75
f 74 75 76
f 76 75 77
f 76 77 78
f 78 77 79
f 78 79 80
f 81 78 80
f 81 80 82
f 83 81 82
f 83 82 84
f 77 21 79
f 77 20 21
f 75 20 77
f 85 81 83
f 85 86 81
f 86 76 78
f 86 78 81
f 75 22 20
f 87 86 85
f 87 88 86
f 88 76 86
f 88 74 76
f 56 88 87
f 56 55 88
f 55 74 88
f 55 61 74
f 73 23 22
f 73 22 75
f 66 23 73
f 66 89 23
f 90 91 92
f 90 92 93
f 93 92 94
f 93 94 95
f 95 94 96
f 95 96 97
f 97 96 98
f 97 98 99
f 91 100 92
f 91 101 100
f 92 100 102
f 92 102 94
f 94 102 103
f 94 103 96
f 96 103 104
f 96 104 98
f 101 105 100
f 101 106 105
f 100 105 107
f 100 107 102
f 102 107 108
f 102 108 103
f 103 108 109
f 103 109 104
f 106 110 105
f 106 111 110
f 105 110 112
f 105 112 107
f 107 112 113
f 107 113 108
f 108 113 114
f 108 115 109
f 104 109 116
f 104 116 117
f 117 116 118
f 117 118 119
f 119 118 120
f 119 120 121
f 121 120 122
f 121 122 123
f 124 121 123
f 124 123 125
f 126 124 125
f 126 125 127
f 120 128 122
f 120 129 128
f 118 129 120
f 130 124 126
f 130 131 124
f 131 119 121
f 131 121 124
f 118 132 129
f 133 131 130
f 133 134 131
f 134 119 131
f 134 117 119
f 99 134 133
f 99 98 134
f 98 117 134
f 98 104 117
f 135 128 129
f 135 129 136
f 136 129 132
f 137 135 136
f 137 136 138
f 139 137 138
f 139 138 140
f 141 139 140
f 141 140 142
f 142 140 143
f 142 143 144
f 144 143 145
f 144 145 146
f 146 145 147
f 146 147 148
f 140 138 149
f 140 149 143
f 143 149 150
f 143 150 145
f 145 150 151
f 145 151 147
f 138 136 152
f 138 152 149
f 149 152 153
f 149 153 150
f 150 153 154
f 150 154 151
f 152 155 153
f 152 132 155
f 116 155 132
f 116 132 118
f 109 155 116
f 109 156 155
f 136 132 152
f 153 155 157
f 153 158 154
f 159 160 161
f 159 161 162
f 160 163 161
f 160 164 163
f 164 165 163
f 164 166 165
f 166 111 165
f 166 110 111
f 167 160 159
f 167 168 160
f 168 164 160
f 168 169 164
f 169 166 164
f 169 170 166
f 170 110 166
f 170 112 110
f 171 168 167
f 171 172 168
f 172 169 168
f 172 173 169
f 173 170 169
f 173 174 170
f 174 112 170
f 174 113 112
f 175 172 171
f 175 176 172
f 176 173 172
f 176 177 173
f 177 174 173
f 177 178 174
f 178 113 174
f 178 179 113
f 180 181 182
f 180 182 183
f 183 182 184
f 183 184 185
f 185 184 186
f 185 186 187
f 187 186 188
f 187 188 189
f 181 190 182
f 181 191 190
f 182 190 192
f 182 192 184
f 184 192 193
f 184 193 186
f 186 193 194
f 186 194 188
f 191 195 190
f 191 196 195
f 190 195 197
f 190 197 192
f 192 197 198
f 192 198 193
f 193 198 199
f 193 199 194
f 196 200 195
f 196 201 200
f 195 200 202
f 195 202 197
f 197 202 203
f 197 203 198
f 198 203 204
f 198 204 199
f 194 199 205
f 194 205 206
f 206 205 207
f 206 207 208
f 208 207 209
f 208 209 210
f 210 209 211
f 210 211 212
f 213 210 212
f 213 212 214
f 215 213 214
f 215 214 216
f 209 217 211
f 209 218 217
f 207 218 209
f 219 213 215
f 219 220 213
f 220 208 210
f 220 210 213
f 207 221 218
f 222 220 219
f 222 223 220
f 223 208 220
f 223 206 208
f 189 223 222
f 189 188 223
f 188 206 223
f 188 194 206
f 224 217 218
f 224 218 225
f 225 218 221
f 226 224 225
f 226 225 227
f 228 226 227
f 228 227 229
f 230 228 229
f 230 229 231
f 232 230 231
f 232 231 233
f 233 231 234
f 233 234 235
f 235 234 236
f 235 236 237
f 237 236 238
f 237 238 239
f 231 229 240
f 231 240 234
f 234 240 241
f 234 241 236
f 236 241 242
f 236 242 238
f 229 227 243
f 229 243 240
f 240 243 244
f 240 244 241
f 241 244 245
f 241 245 242
f 243 246 244
f 243 247 246
f 227 247 243
f 227 225 247
f 244 246 248
f 244 248 245
f 239 238 249
f 239 249 250
f 250 249 251
f 250 251 252
f 252 251 253
f 252 253 254
f 254 253 255
f 254 255 256
f 253 257 255
f 253 258 257
f 251 258 253
f 258 259 257
f 258 260 259
f 260 261 259
f 260 262 261
f 251 263 258
f 263 260 258
f 249 263 251
f 263 264 260
f 264 262 260
f 264 265 262
f 266 264 263
f 249 266 263
f 266 267 264
f 267 265 264
f 267 268 265
f 238 266 249
f 238 242 266
f 242 267 266
f 242 245 267
f 245 268 267
f 245 248 268
f 248 203 268
f 248 204 203
f 246 204 248
f 246 269 204
f 199 204 269
f 199 269 205
f 205 269 221
f 205 221 207
f 247 221 269
f 247 269 246
f 225 221 247
f 268 203 202
f 268 202 265
f 265 202 200
f 265 200 262
f 262 200 201
f 262 201 261
f 270 271 272
f 270 272 273
f 273 272 274
f 273 274 275
f 275 274 276
f 275 276 277
f 277 276 278
f 277 278 279
f 271 280 272
f 271 281 280
f 272 280 282
f 272 282 274
f 274 282 283
f 274 283 276
f 276 283 284
f 276 284 278
f 281 285 280
f 281 286 285
f 280 285 287
f 280 287 282
f 282 287 288
f 282 288 283
f 283 288 289
f 283 289 284
f 286 290 285
f 286 291 290
f 285 290 292
f 285 292 287
f 287 292 293
f 287 293 288
f 288 293 294
f 288 294 289
f 284 289 295
f 284 295 296
f 296 295 297
f 296 297 298
f 298 297 299
f 298 299 300
f 300 299 301
f 300 301 302
f 303 300 302
f 303 302 304
f 305 303 304
f 305 304 306
f 299 307 301
f 299 308 307
f 297 308 299
f 309 303 305
f 309 310 303
f 310 298 300
f 310 300 303
f 297 311 308
f 312 310 309
f 312 313 310
f 313 298 310
f 313 296 298
f 279 313 312
f 279 278 313
f 278 296 313
f 278 284 296
f 314 307 308
f 314 308 315
f 315 308 311
f 316 314 315
f 316 315 317
f 318 316 317
f 318 317 319
f 320 318 319
f 320 319 321
f 322 320 321
f 322 321 323
f 323 321 324
f 323 324 325
f 325 324 326
f 325 326 327
f 327 326 328
f 327 328 329
f 321 319 330
f 321 330 324
f 324 330 331
f 324 331 326
f 326 331 332
f 326 332 328
f 319 317 333
f 319 333 330
f 330 333 334
f 330 334 331
f 331 334 335
f 331 335 332
f 333 336 334
f 333 337 336
f 317 337 333
f 317 315 337
f 334 336 338
f 334 338 335
f 329 328 339
f 329 339 340
f 340 339 341
f 340 341 342
f 342 341 343
f 342 343 344
f 344 343 345
f 344 345 346
f 343 347 345
f 343 348 347
f 341 348 343
f 348 349 347
f 348 350 349
f 350 351 349
f 350 352 351
f 341 353 348
f 353 350 348
f 339 353 341
f 353 354 350
f 354 352 350
f 354 355 352
f 356 354 353
f 339 356 353
f 356 357 354
f 357 355 354
f 357 358 355
f 328 356 339
f 328 332 356
f 332 357 356
f 332 335 357
f 335 358 357
f 335 338 358
f 338 293 358
f 338 294 293
f 336 294 338
f 336 359 294
f 289 294 359
f 289 359 295
f 295 359 311
f 295 311 297
f 337 311 359
f 337 359 336
f 315 311 337
f 358 293 292
f 358 292 355
f 355 292 290
f 355 290 352
f 352 290 291
f 352 291 351
f 360 361 362
f 360 362 363
f 363 362 364
f 363 364 365
f 365 364 366
f 365 366 367
f 367 366 368
f 367 368 369
f 361 370 362
f 361 371 370
f 362 370 372
f 362 372 364
f 364 372 373
f 364 373 366
f 366 373 374
f 366 374 368
f 371 375 370
f 371 376 375
f 370 375 377
f 370 377 372
f 372 377 378
f 372 378 373
f 373 378 379
f 373 379 374
f 376 380 375
f 376 381 380
f 375 380 382
f 375 382 377
f 377 382 383
f 377 383 378
f 378 383 384
f 378 384 379
f 385 384 383
f 385 383 386
f 386 383 382
f 387 385 386
f 387 386 388
f 388 386 389
f 386 382 389
f 389 382 380
f 388 389 390
f 390 389 391
f 389 380 391
f 391 380 381
f 390 391 392
f 392 391 393
f 391 381 393
f 392 393 394
f 395 392 394
f 395 394 396
f 397 395 396
f 397 396 398
f 399 397 398
f 399 398 400
f 401 397 399
f 401 402 397
f 402 395 397
f 402 403 395
f 403 390 392
f 403 392 395
f 404 402 401
f 404 405 402
f 405 403 402
f 405 406 403
f 406 390 403
f 406 388 390
f 407 405 404
f 407 408 405
f 408 406 405
f 408 409 406
f 409 388 406
f 409 387 388
f 410 411 412
f 410 412 413
f 411 414 412
f 411 415 414
f 415 416 414
f 415 417 416
f 417 418 416
f 417 419 418
f 420 411 410
f 420 421 411
f 421 415 411
f 421 422 415
f 422 417 415
f 422 423 417
f 423 419 417
f 423 424 419
f 425 421 420
f 425 426 421
f 426 422 421
f 426 427 422
f 427 423 422
f 427 428 423
f 428 424 423
f 428 429 424
f 430 426 425
f 430 431 426
f 431 427 426
f 431 432 427
f 432 428 427
f 432 433 428
f 433 429 428
f 433 434 429
f 435 419 424
f 436 419 435
f 437 436 435
f 437 435 438
f 439 437 438
f 439 438 440
f 441 439 440
f 441 440 442
f 443 441 442
f 443 442 444
f 444 442 445
f 444 445 446
f 446 445 447
f 446 447 448
f 448 447 449
f 448 449 450
f 442 440 451
f 442 451 445
f 445 451 452
f 445 452 447
f 447 452 453
f 447 453 449
f 440 438 454
f 440 454 451
f 451 454 455
f 451 455 452
f 452 455 456
f 452 456 453
f 454 457 455
f 454 458 457
f 438 458 454
f 438 435 458
f 455 457 459
f 455 459 456
f 435 424 458
f 458 424 429
f 458 429 457
f 457 429 434
f 457 434 459
f 460 461 462
f 460 462 463
f 463 462 464
f 463 464 465
f 465 464 466
f 465 466 467
f 467 466 468
f 467 468 469
f 461 470 462
f 461 471 470
f 462 470 472
f 462 472 464
f 464 472 473
f 464 473 466
f 466 473 474
f 466 474 468
f 471 475 470
f 471 476 475
f 470 475 477
f 470 477 472
f 472 477 478
f 472 478 473
f 473 478 479
f 473 479 474
f 476 480 475
f 476 481 480
f 475 480 482
f 475 482 477
f 477 482 483
f 477 483 478
f 478 483 484
f 478 484 479
f 474 479 485
f 474 485 486
f 486 485 487
f 486 487 488
f 488 487 489
f 488 489 490
f 490 489 491
f 490 491 492
f 493 490 492
f 493 492 494
f 495 493 494
f 495 494 496
f 489 497 491
f 489 498 497
f 487 498 489
f 499 493 495
f 499 500 493
f 500 488 490
f 500 490 493
f 487 501 498
f 502 500 499
f 502 503 500
f 503 488 500
f 503 486 488
f 469 503 502
f 469 468 503
f 468 486 503
f 468 474 486
f 504 497 498
f 504 498 505
f 505 498 501
f 506 504 505
f 506 505 507
f 508 506 507
f 508 507 509
f 510 508 509
f 510 509 511
f 512 510 511
f 512 511 513
f 513 511 514
f 513 514 515
f 515 514 516
f 515 516 517
f 517 516 518
f 517 518 519
f 511 509 520
f 511 520 514
f 514 520 521
f 514 521 516
f 516 521 522
f 516 522 518
f 509 507 523
f 509 523 520
f 520 523 524
f 520 524 521
f 521 524 525
f 521 525 522
f 523 526 524
f 523 527 526
f 507 527 523
f 507 505 527
f 524 526 528
f 524 528 525
f 519 518 529
f 519 529 530
f 530 529 531
f 530 531 532
f 532 531 533
f 532 533 534
f 534 533 535
f 534 535 536
f 533 537 535
f 533 538 537
f 531 538 533
f 538 539 537
f 538 540 539
f 540 541 539
f 540 542 541
f 531 543 538
f 543 540 538
f 529 543 531
f 543 544 540
f 544 542 540
f 544 545 542
f 546 544 543
f 529 546 543
f 546 547 544
f 547 545 544
f 547 548 545
f 518 546 529
f 518 522 546
f 522 547 546
f 522 525 547
f 525 548 547
f 525 528 548
f 542 481 541
f 542 480 481
f 545 480 542
f 528 483 548
f 528 484 483
f 526 484 528
f 526 549 484
f 479 484 549
f 479 549 485
f 485 549 501
f 485 501 487
f 527 501 549
f 527 549 526
f 505 501 527
f 548 483 482
f 548 482 545
f 545 482 480
f 436 418 419
